Filing Date|Publication Date|Grant Date|Priority Date
19030116|19030908|19030908|19030116
19021104|19030915|19030915|19021104
19030127|19030915|19030915|19030127
19030131|19031006|19031006|19030131
19021201|19031027|19031027|19021201
0|18680211|18680211|0
19021020|19031110|19031110|19021020
19030624|19031117|19031117|19030624
19030331|19031124|19031124|19030331
19030110|19031201|19031201|19030110
19020821|19031201|19031201|19020821
19030728|19031208|19031208|19030728
19030509|19031229|19031229|19030509
0|18680225|18680225|0
0|19040105|19040105|0
0|19040112|19040112|0
0|19040119|19040119|0
0|19040202|19040202|0
0|19040209|19040209|0
0|19040209|19040209|0
0|19040216|19040216|0
0|18680310|18680310|0
0|18680317|18680317|0
19031102|19040405|19040405|19031102
19031208|19040419|19040419|19031208
19040104|19040419|19040419|19040104
0|18680324|18680324|0
19020714|19040426|19040426|19020714
19030203|19040426|19040426|19030203
19030224|19040510|19040510|19030224
19020910|19040510|19040510|19020910
0|19040524|19040524|0
19040108|19040524|19040524|19040108
0|18680331|18680331|0
19020113|19040607|19040607|19020113
19030819|19040621|19040621|19030819
19030606|19040705|19040705|19030606
19031014|19040802|19040802|19031014
19030126|19040816|19040816|19030126
19030501|19040816|19040816|19030501
19030302|19040830|19040830|19030302
19031109|19040830|19040830|19031109
19040215|19040920|19040920|19040215
19040611|19041011|19041011|19040611
19030226|19041115|19041115|19030226
19031212|19041122|19041122|19031212
19040715|19041122|19041122|19040715
19010306|19041129|19041129|19010306
19040524|19041220|19041220|19040524
19031214|19041227|19041227|19031214
19040512|19050103|19050103|19040512
19040405|19050117|19050117|19040405
19041214|19050221|19050221|19041214
0|18680602|18680602|0
19040907|19050321|19050321|19040907
19040611|19050328|19050328|19040611
0|18680602|18680602|0
19040602|19050411|19050411|19040602
19030629|19050418|19050418|19030629
19041125|19050425|19050425|19041125
19041215|19050502|19050502|19041215
19041130|19050509|19050509|19041130
19031118|19050509|19050509|19031118
19040718|19050523|19050523|19040718
19030205|19050606|19050606|19030205
19050906|19050606|19050606|19050906
19041201|19050613|19050613|19041201
19050118|19050711|19050711|19050118
19050318|19050718|19050718|19050318
19041118|19050718|19050718|19041118
0|18680707|18680707|0
19050215|19050801|19050801|19050215
0|18680707|18680707|0
19040610|19050815|19050815|19040610
19041231|19050829|19050829|19041231
19020621|19051003|19051003|19020621
19050619|19051010|19051010|19050619
19050602|19051017|19051017|19050602
19030829|19051024|19051024|19030829
0|18680728|18680728|0
19050216|19051031|19051031|19050216
19050119|19051107|19051107|19050119
19050327|19051212|19051212|19050327
19050114|19051219|19051219|19050114
19050424|19051219|19051219|19050424
19050506|19060123|19060123|19050506
0|18680818|18680818|0
19051026|19060213|19060213|19051026
19040525|19060213|19060213|19040525
19050114|19060220|19060220|19050114
19050825|19060227|19060227|19050825
0|18680825|18680825|0
19041205|19060501|19060501|19041205
19041006|19060515|19060515|19041006
19050429|19060522|19060522|19050429
19060409|19060619|19060619|19060409
0|18681006|18681006|0
19050410|19060724|19060724|19050410
0|18510805|18510805|0
19040708|19060724|19060724|19040708
